botId=0
clientId=665206
apiKey=8C3i5RNNZ3Hvy3epS7TKRp87a3K6tX4s
apiSecret=ZPS0qszXKqWtOM8PeTiLrqJuCOjLI3rl
config={"timestep":60000,"buyAnalysisConfig":{"fastPeriod":1765335,"slowPeriod":22905724,"signalPeriod":10092577},"sellAnalysisConfig":{"fastPeriod":3356666,"slowPeriod":11997787,"signalPeriod":12456795},"traderConfig":{"minBuyDiffThreshold":7.195941689862062,"minSellDiffThreshold":-25.446908907510984,"lossCutThreshold":0.989083882136938,"sellThresholdRelaxationFactor":19.354084982618435,"sellPricePeriod":5057311}}
tradefloorLimitOrder=0
walletReserveUsd=0